wp0[0,0,0]
wp1[-2.5,2.5,0]
wp2[2.5,2.5,0]
wp3[-2.5,-2.5,0]
wp4[2.5,-2.5,0]
wp5[3,0,0]
wp6[2.04113,-0.633703,0]
wp7[1.6986,1.79064,0]
wp8[2.46988,-1.81469,0]
wp9[-0.988664,1.60938,0]
wp10[-1.33335,0.32382,0]
wp11[-0.135618,0.773225,0]
wp12[-0.811293,0.0804055,0]
wp13[0.81427,1.30378,0]
wp14[-2.15038,0.641813,0]
wp15[-2.9022,-1.54268,0]
wp16[-2.17661,1.82506,0]
wp17[-2.05993,-0.594334,0]
wp18[2.99355,-1.69046,0]
wp19[0.0775945,2.03467,0]
wp20[0.675839,-1.22381,0]
wp21[0.825314,0.145723,0]
wp22[-0.0385022,2.83665,0]
wp23[-1.2449,1.62815,0]
wp24[0.16047,1.61948,0]
wp25[-0.598628,2.34918,0]
wp26[-1.30011,-0.88525,0]
wp27[1.84635,2.51416,0]
wp28[0.155972,-2.48366,0]
wp29[-1.84672,0.979361,0]
